Grupo A: 2.3, 3.4, 5.6, 7.1, 6.2
Grupo B: 4.1, 2.8, 3.7, 6.5, 5.9
Grupo C: 1.2, 2.3, 3.4, 1.9, 2.5
Grupo D: 3.2, 4.1, 5.5, 6.6, 4.3
Grupo E: 2.8, 3.0, 4.1, 5.2, 6.8
Grupo F: 5.4, 6.2, 7.0, 8.1, 6.9
Grupo G: 3.3, 4.4, 2.7, 5.5, 6.1
Grupo H: 6.9, 7.2, 6.8, 8.4, 7.0
Grupo I: 4.3, 3.9, 2.8, 5.7, 4.6
Grupo J: 3.8, 4.5, 6.7, 7.3, 5.2
Grupo K: 5.9, 6.1, 5.3, 4.8, 6.5
Grupo L: 4.7, 3.2, 5.6, 4.0, 5.9
Grupo M: 6.0, 5.1, 4.9, 7.2, 6.8
Grupo N: 3.7, 4.9, 5.1, 6.3, 4.8
Grupo O: 2.9, 3.3, 4.5, 5.4, 6.2
Grupo P: 4.6, 5.0, 6.3, 7.4, 5.6
Grupo Q: 5.5, 4.8, 6.1, 7.2, 6.9
Grupo R: 7.0, 6.2, 5.9, 6.8, 7.5
Grupo S: 4.1, 3.6, 2.5, 4.9, 3.3
Grupo T: 6.4, 5.7, 7.1, 6.5, 7.3
